2 # Number of rovers

# Initial rover locations
0.000000 0.000000 
0.000000 0.000000 

# Uncertainties
O 0.000100 0.010000
A 0.250000 0.250000
D 0.000400 0.040000
H 0.250000 0.250000

# Start input trace 

# Point 0
M 1.392618 98.443558 0.714824 77.654462
# 1.403917 98.750251 0.796807 77.773511
D 0.738962 0.578006 -58.044890 122.287592
# 0.718928 0.718928 -57.873432 122.126568
C -0.213575 1.387577 0.168745 0.778734

# Point 1
M 0.889350 81.753988 1.369083 80.699400
# 0.872833 82.560055 1.384720 81.335817
D 0.510955 0.620493 -12.327078 168.254743
# 0.489385 0.489385 -12.438470 167.561530
C -0.100554 2.253062 0.377343 2.147653

# Point 2
M 1.148546 104.495056 1.403335 88.432862
# 1.133232 104.885328 1.313633 88.368100
D 0.818942 0.686042 7.543449 -172.866974
# 0.814226 0.814226 7.941026 -172.058974
C -0.391665 3.348265 0.414753 3.460753

# Point 3
M 0.967194 82.509149 1.122437 97.135223
# 0.959944 83.317326 1.005758 96.919555
D 0.571882 0.866503 15.047970 -163.909196
# 0.594772 0.594772 15.355333 -164.644667
C -0.279956 4.301687 0.293584 4.459185

# Point 4
M 1.163669 87.349076 1.005732 86.860555
# 1.163278 87.035472 0.887361 86.645619
D 0.591831 0.530335 -11.808929 168.065973
# 0.577561 0.577561 -11.827745 168.172255
C -0.219794 5.463408 0.345505 5.345026

# Point 5
M 1.244496 104.032319 0.696811 95.366991
# 1.245362 104.554756 0.620917 95.167698
D 1.070490 0.878329 -40.276582 139.667613
# 1.083424 1.083424 -40.622337 139.377663
C -0.532760 6.668804 0.289578 5.963419

# Point 6
M 0.861522 100.678960 1.008682 84.148862
# 0.877898 100.772017 0.927346 84.747270
D 1.265276 1.358995 -31.001579 148.978293
# 1.250168 1.250168 -31.025545 148.974455
C -0.696840 7.531232 0.374476 6.886870

# Point 7
M 1.127960 77.463185 1.369818 87.183984
# 1.117591 76.647737 1.391812 87.331282
D 0.930743 1.295313 -20.717877 158.843148
# 0.942079 0.942079 -21.249678 158.750322
C -0.438747 8.618613 0.439280 8.277173

# Point 8
M 1.080985 82.817005 1.332986 77.120798
# 1.081179 83.405751 1.321789 76.275323
D 1.047939 1.306534 -6.369784 173.100487
# 1.075529 1.075529 -7.018459 172.981541
C -0.314587 9.692639 0.752883 9.561221

# Point 9
M 0.946495 81.436841 1.184597 83.957900
# 0.938359 81.332197 1.083357 84.660505
D 0.985705 1.060455 0.951681 -178.921276
# 1.027055 1.027055 1.093271 -178.906729
C -0.173171 10.620281 0.853697 10.639877

