Odometry

triangle test 1
distances: [14.18408462,13.06428846,14.18408462,11.94449231,11.38459423,11.19796154,11.19796154,14.18408462,14.18408462,12.69102308]
directions: [327,325,324,327,105,107,88,201,221,195]

triangle test 2
distances: [14.18408462,13.06428846,14.18408462,12.131125,11.57122692,11.19796154,11.19796154,14.37071731,14.18408462,12.69102308]
directions: [325,325,322,165,94,109,105,192,193,226]

triangle test 3
distances: [13.81081923,13.62418654,14.18408462,12.31775769,11.19796154,11.19796154,11.38459423,14.18408462,14.18408462,13.06428846]
directions: [322,331,327,318,99,99,95,195,192,194]

Average
distances: [21.089494235, 19.87638173, 21.27612693, 18.1966875, 17.076891345, 16.79694231, 16.890258655, 21.369443275000002, 21.27612693, 19.22316731]
directions: [324.6666666666667, 327.0, 324.3333333333333, 270.0, 99.33333333333333, 105.0, 96.0, 196.0, 202.0, 205.0]

Heading+distance

triangle test 1
distances: [0,15,30,45,60,60,55,50,30,15,0] 
headings: [0,153,154,152,145,161,174,206,220,225,0]

triangle test 2
distances: [0,15,30,45,60,55,50,50,30,15,0]
headings: [0,150,154,156,165,200,175,193,191,224,0]

triangle test 3
distances: [0,15,30,45,60,55,50,45,30,15,0]
headings: [0,165,148,151,153,164,169,226,191,193,0]

